2.103297659477494E+08	4150
2.103297669015117E+08	4335
2.103297682220732E+08	7940
2.103298575804369E+08	4105
2.103298690987165E+08	5850
2.103298700524378E+08	11325
2.103298745276872E+08	6860
2.103298806169578E+08	4925
2.103298855324275E+08	4060
2.103298868529890E+08	5490
2.103298894207547E+08	4500
2.103298900810546E+08	4145
2.103298927221801E+08	3750
2.103298953632852E+08	2440
2.103299003521147E+08	5660
2.103299160522019E+08	4750
2.103299279372833E+08	10010
2.103299310186088E+08	3900
2.103299338064744E+08	5725
2.103299437107328E+08	5895
2.103299511939453E+08	6495
2.103299611715636E+08	3695
2.103299634458490E+08	4285
2.103299708557015E+08	11225
2.103299746706689E+08	4865
2.103299877296126E+08	5750
2.103299885366348E+08	4235
2.103299913978398E+08	4530
2.103299929385218E+08	5280
2.103299951394652E+08	4640
2.103300021824982E+08	5110
2.103300062175656E+08	3725
2.103300114264568E+08	6450
2.103300158283437E+08	5060
2.103300395985477E+08	8500
2.103300524373916E+08	4360
2.103300539780530E+08	5475
2.103300550785350E+08	6215
2.103300560322564E+08	5545
2.103300586734024E+08	3860
2.103300609477262E+08	5010
2.103300718790659E+08	8355
2.103300746669316E+08	5475
2.103300833973278E+08	2440
2.103301011516185E+08	3595
2.103301032792047E+08	4400
2.103301046731465E+08	6580
2.103301163381486E+08	6715
2.103301310844736E+08	5300
2.103301317447557E+08	4095
2.103301323316779E+08	2890
2.103301383475887E+08	9865
2.103301442167979E+08	3380
2.103301552215180E+08	3430
2.103301601369469E+08	6375
2.103301661528782E+08	8920
2.103301698211055E+08	3195
2.103301722421489E+08	175
2.103301825865896E+08	6725
2.103301835403314E+08	4575
2.103301896296022E+08	8720
2.103301904366243E+08	5085
2.103301910235440E+08	8460
2.103301928576678E+08	6575
2.103301928576678E+08	5930
2.103301994605009E+08	6665
2.103302131063645E+08	3580
2.103302166278721E+08	5715
2.103302309339973E+08	3100
2.103302310073571E+08	3855
2.103302345288852E+08	5845
2.103302497153924E+08	7485
2.103302571252656E+08	6625
2.103302762001001E+08	6755
2.103302789879658E+08	6430
2.103302799417076E+08	2230
2.103302841234947E+08	6395
2.103302870581006E+08	2025
2.103302993833848E+08	5500
2.103303058394957E+08	3430
2.103303106082050E+08	6270
2.103303127357887E+08	165
2.103303197788014E+08	7225
2.103303203657236E+08	5050
2.103303252811730E+08	7180
2.103303254278927E+08	7280
2.103303309302617E+08	4340
2.103303365793530E+08	5795
2.103303411279802E+08	2835
2.103303439158255E+08	10570
2.103303458966895E+08	4460
2.103303478041732E+08	4160
2.103303560210277E+08	4515
2.103303587355132E+08	4250
2.103303654117266E+08	3355
2.103303715743777E+08	5400
2.103303728215794E+08	5000
2.103303734818615E+08	3835
2.103303852935834E+08	3240
2.103303909426927E+08	2410
2.103303990128275E+08	5565
2.103303990861873E+08	3620
2.103304027544351E+08	9230
2.103304053222009E+08	8135
2.103304145661776E+08	5735
2.103304189680647E+08	3375
2.103304260110773E+08	7195
2.103304268914594E+08	2055
2.103304286522030E+08	10700
2.103304293125055E+08	5400
2.103304307797867E+08	2455
2.103304331274704E+08	8065
2.103304343012943E+08	5295
2.103304360620763E+08	9560
2.103304402438634E+08	4015
2.103304435452710E+08	3640
2.103304462597744E+08	3985
2.103304496345419E+08	4470
2.103304497812820E+08	3205
2.103304530827076E+08	4195
2.103304631336860E+08	7950
2.103304717173833E+08	3450
2.103304749454286E+08	7710
2.103304913791402E+08	3000
2.103304990090726E+08	5120
2.103305050250041E+08	6865
2.103305055385665E+08	7585
2.103305069324878E+08	5165
2.103305256405235E+08	2490
2.103305331970960E+08	3740
2.103305332704558E+08	390
2.103305362784037E+08	3095
2.103305483836061E+08	4605
2.103305486037061E+08	6660
2.103305597551666E+08	6230
2.103305601953461E+08	6870
2.103305612958102E+08	5815
2.103305661378973E+08	3725
2.103305662846195E+08	3965
2.103305670182793E+08	2580
2.103305728140904E+08	3435
2.103305784631818E+08	8220
2.103305799304835E+08	3875
2.103305805907655E+08	6880
2.103305933562500E+08	4450
2.103306027469465E+08	4510
2.103306045076901E+08	5005
2.103306104502618E+08	4395
2.103306157325105E+08	3710
2.103306160259703E+08	3510
2.103306315793206E+08	6340
2.103306393559958E+08	3150
2.103306449317248E+08	9035
2.103306467658487E+08	7205
2.103306620990965E+08	5655
2.103306698024118E+08	6190
2.103306722234554E+08	4695
2.103306861627613E+08	6345
2.103306872632434E+08	4400
2.103307016427519E+08	4985
2.103307083923049E+08	10990
2.103307173428015E+08	8355
2.103307371513168E+08	3195
2.103307374447792E+08	7145
2.103307387653407E+08	5315
2.103307449279920E+08	4945
2.103307478625775E+08	5330
2.103307523378271E+08	3560
2.103307593074801E+08	3900
2.103307621687236E+08	6780
2.103307664972331E+08	3855
2.103307684780972E+08	3055
2.103307727332442E+08	3470
2.103307753743903E+08	4980
2.103307816104015E+08	3700
2.103307824907835E+08	8930
2.103307957698075E+08	2700
2.103308014922793E+08	3935
2.103308042067827E+08	9875
2.103308087553922E+08	6520
2.103308178526289E+08	8620
2.103308193199128E+08	5015
2.103308210073144E+08	7435
2.103308262895863E+08	2495
2.103308293709119E+08	2500
2.103308378078667E+08	5135
2.103308385415086E+08	4515
2.103308425032163E+08	5960
2.103308465382838E+08	2790
2.103308570294625E+08	6745
2.103308579831839E+08	380
2.103308618715318E+08	7165
2.103308652462968E+08	7715
2.103308722893327E+08	5315
2.103308733898148E+08	6155
2.103308787454439E+08	4310
2.103308820468491E+08	3835
2.103308857150970E+08	895
2.103308864487389E+08	2925
2.103308887964226E+08	4185
2.103309011950647E+08	5055
2.103309023689091E+08	3620
2.103309028090886E+08	8065
2.103309040563108E+08	3555
2.103309058170749E+08	6125
2.103309072843587E+08	3325
2.103309088983801E+08	3155
2.103309256255521E+08	7340
2.103309471214516E+08	4835
2.103309496158780E+08	5585
2.103309586397346E+08	3530
2.103309615009603E+08	6270
2.103309626014424E+08	3850
2.103309667832501E+08	5360
2.103309863716478E+08	6905
2.103309876188291E+08	3155
2.103309996506720E+08	4140
2.103310050063012E+08	2375
2.103310057399636E+08	4320
2.103310096282910E+08	5905
2.103310118292551E+08	4350
2.103310125628765E+08	1835
2.103310153507628E+08	8340
2.103310166713244E+08	8190
2.103310177718065E+08	5530
2.103310190923681E+08	6730
2.103310214400134E+08	6910
2.103310232741553E+08	3895
2.103310237876973E+08	3200
2.103310259886409E+08	4965
2.103310307573709E+08	6110
2.103310390475855E+08	5300
2.103310489518447E+08	9220
2.103310523266328E+08	6335
2.103310529135525E+08	5755
2.103310553345782E+08	5940
2.103310573154218E+08	8255
2.103310592229236E+08	5935
2.103310595163655E+08	13510
2.103310683935229E+08	770
2.103310702276443E+08	7860
2.103310729421299E+08	3020
2.103310747762538E+08	5155
2.103310756566564E+08	4885
2.103310804987257E+08	4540
2.103310815992078E+08	7645
2.103310840936113E+08	2625
2.103310885688609E+08	7420
2.103310905497046E+08	4235
2.103310974459979E+08	4130
2.103311032418271E+08	5925
2.103311070568152E+08	3865
2.103311094778409E+08	5355
2.103311095512008E+08	3105
2.103311200423796E+08	5975
2.103311201890993E+08	9285
2.103311290662568E+08	3300
2.103311350088082E+08	5440
2.103311350821681E+08	5830
2.103311375765536E+08	2430
2.103311383835759E+08	7595
2.103311427854837E+08	5100
2.103311590724533E+08	6390
2.103311597327559E+08	3690
2.103311672893109E+08	2580
2.103311707374767E+08	7135
2.103311719112982E+08	2400
2.103311723515007E+08	3935
2.103311787342317E+08	3600
2.103311798347138E+08	3105
2.103311901057927E+08	6060
2.103311976623476E+08	7240
2.103311985427502E+08	3610
2.103312062460428E+08	2495
2.103312088871890E+08	7370
2.103312119685147E+08	3920
2.103312122619745E+08	4595
2.103312168839439E+08	4250
2.103312210657313E+08	2410
2.103312246606194E+08	8795
2.103312350784385E+08	2990
2.103312359588001E+08	11525
2.103312530528126E+08	4705
2.103312549602965E+08	8435
2.103312559140384E+08	5015
2.103312633972540E+08	4010
2.103312688262431E+08	2595
2.103312694131653E+08	6750
2.103312783636827E+08	4745
2.103312812249264E+08	4080
2.103312841595120E+08	10180
2.103312854800761E+08	5375
2.103312868739976E+08	5430
2.103312876076395E+08	4280
2.103312894417635E+08	4095
2.103312992726604E+08	4520
2.103313005198647E+08	3785
2.103313068292359E+08	6650
2.103313194479809E+08	3300
2.103313358817114E+08	7860
2.103313404303210E+08	3125
2.103313469598126E+08	5160
2.103313537093659E+08	3320
2.103313554701096E+08	9340
2.103313628799629E+08	4660
2.103313650075468E+08	8675
2.103313651542664E+08	5310
2.103313670617707E+08	3195
2.103313699229965E+08	4770
2.103313707299983E+08	5155
2.103313726374821E+08	2025
2.103313743982463E+08	4165
2.103313782865738E+08	5025
2.103313800473354E+08	3965
2.103313829819415E+08	4450
2.103313889978529E+08	6430
2.103313956006865E+08	2630
2.103313994156542E+08	4090
2.103314021301577E+08	3395
2.103314105671153E+08	6500
2.103314198844320E+08	5040
2.103314242129800E+08	4595
2.103314242863424E+08	3925
2.103314244330621E+08	4290
2.103314256802639E+08	4265
2.103314290550700E+08	3590
2.103314317695556E+08	3245
2.103314454154229E+08	2430
2.103314464425042E+08	4725
2.103314549528396E+08	4875
2.103314595014492E+08	4785
2.103314619224929E+08	2165
2.103314688921462E+08	8775
2.103314701393685E+08	10235
2.103314773291244E+08	4975
2.103314789431458E+08	4815
2.103314836384957E+08	3390
2.103314882604626E+08	5765
2.103314914885106E+08	1630
2.103314915618909E+08	5720
2.103314944231167E+08	4020
2.103314969175407E+08	4320
2.103315002923084E+08	6345
2.103315037404539E+08	7010
2.103315045474557E+08	7145
2.103315074087020E+08	4535
2.103315086558833E+08	12725
2.103315087292636E+08	2930
2.103315107101073E+08	3010
2.103315116638697E+08	4305
2.103315192938051E+08	6715
2.103315193671650E+08	6550
2.103315300784236E+08	5345
2.103315350672538E+08	3950
2.103315365345376E+08	8320
2.103315372681975E+08	6880
2.103315435775509E+08	4580
2.103315446780329E+08	5005
2.103315448981125E+08	4390
2.103315448981125E+08	2960
2.103315451915928E+08	1940
2.103315470990767E+08	5915
2.103315512808666E+08	4180
2.103315524547086E+08	5425
2.103315534818103E+08	4050
2.103315537019103E+08	8680
2.103315583972602E+08	2055
2.103315583972602E+08	5205
2.103315714561848E+08	2575
2.103315748309910E+08	5550
2.103315762249124E+08	2575
2.103315790861382E+08	4590
2.103315793062408E+08	4425
2.103315842216881E+08	8080
2.103315851020497E+08	3310
2.103315870829139E+08	5395
2.103315875964763E+08	5550
2.103315972806153E+08	4905
2.103315974273350E+08	3485
2.103315980876350E+08	5205
2.103316050573089E+08	3150
2.103316064512329E+08	4195
2.103316144480086E+08	2845
2.103316159886497E+08	3290
2.103316162820916E+08	6475
2.103316173825942E+08	3700
2.103316291209548E+08	6445
2.103316292676949E+08	4930
2.103316299279770E+08	3195
2.103316322023010E+08	3455
2.103316338896644E+08	2110
2.103316400523161E+08	2795
2.103316424000025E+08	3735
2.103316438672838E+08	3215
2.103316446009462E+08	5160
2.103316613281190E+08	5680
2.103316617683190E+08	4160
2.103316655099270E+08	3715
2.103316667571287E+08	855
2.103316681510707E+08	8390
2.103316714524581E+08	4880
2.103316738735019E+08	6640
2.103316769548482E+08	6235
2.103316903805952E+08	3610
2.103316977904486E+08	5900
2.103317115830358E+08	7080
2.103317183326097E+08	3615
2.103317345462202E+08	3675
2.103317420294540E+08	4425
2.103317426897361E+08	8545
2.103317440836781E+08	2195
2.103317449640397E+08	4755
2.103317457710620E+08	3830
2.103317481920852E+08	5595
2.103317512734315E+08	4300
2.103317513467735E+08	4355
2.103317554552011E+08	4960
2.103317573626850E+08	6925
2.103317660931206E+08	7040
2.103317734295963E+08	4305
2.103317748968981E+08	6385
2.103317781983239E+08	2340
2.103317790786856E+08	3935
2.103317829670337E+08	7135
2.103317888362255E+08	3540
2.103317954390388E+08	3960
2.103318022619905E+08	7115
2.103318054166583E+08	6270
2.103318096718261E+08	6615
2.103318140003538E+08	5310
2.103318160545779E+08	4705
2.103318307275473E+08	4730
2.103318365233588E+08	6270
2.103318393112248E+08	4290
2.103318454004962E+08	3560
2.103318526636096E+08	7075
2.103318551580336E+08	3265
2.103318602202033E+08	4580
2.103318630080693E+08	5960
2.103318647688335E+08	3940
2.103318674833192E+08	4740
2.103318674833192E+08	3730
2.103318722520264E+08	4620
2.103318843572324E+08	3035
2.103318871450959E+08	5350
2.103318881722181E+08	7650
2.103318928675476E+08	5065
2.103319021115252E+08	5965
2.103319049727511E+08	7215
2.103319059264930E+08	13160
2.103319067335153E+08	8490
2.103319076872572E+08	6995
2.103319101816609E+08	8435
2.103319136298090E+08	6730
2.103319172246947E+08	3075
2.103319194990009E+08	4200
2.103319237541482E+08	4885
2.103319237541482E+08	3235
2.103319330714857E+08	5835
2.103319335116883E+08	3370
2.103319359327320E+08	3915
2.103319379135553E+08	2625
2.103319386472178E+08	4910
2.103319580155347E+08	7760
2.103319624907846E+08	5115
2.103319651319284E+08	2645
2.103319668193123E+08	2470
2.103319682132543E+08	8745
2.103319720282221E+08	3990
2.103319758431900E+08	2825
2.103319758431900E+08	6725
2.103319844268880E+08	2270
2.103319858941694E+08	3740
2.103319975591934E+08	4920
2.103320041620247E+08	5145
2.103320048223068E+08	7315
2.103320115718809E+08	2820
2.103320160471078E+08	3500
2.103320185415345E+08	4150
2.103320291060738E+08	3215
2.103320292528140E+08	3785
2.103320364425292E+08	5590
2.103320415780996E+08	4855
2.103320587454729E+08	3600
2.103320711441364E+08	7025
2.103320740787221E+08	3990
2.103320812684757E+08	5200
2.103320895586936E+08	5235
2.103320993895731E+08	5315
2.103320996096731E+08	4085
2.103321055522249E+08	11085
2.103321059190446E+08	6405
2.103321062858873E+08	5325
2.103321139158205E+08	5435
2.103321270481260E+08	4335
2.103321271948661E+08	3680
2.103321280018884E+08	5720
2.103321393734117E+08	4285
2.103321561006030E+08	3390
2.103321585950092E+08	5290
2.103321780366862E+08	7000
2.103321795039906E+08	6155
2.103321819983943E+08	4200
2.103321910222721E+08	3030
2.103321991657677E+08	7745
2.103321998994301E+08	4055
2.103322024671757E+08	3465
2.103322089966677E+08	3635
2.103322178004251E+08	4435
2.103322289518868E+08	5345
2.103322299056492E+08	4230
2.103322347477190E+08	3945
2.103322359949208E+08	4290
2.103322400299887E+08	12790
2.103322530155746E+08	2710
2.103322560235202E+08	3760
2.103322596183881E+08	3120
2.103322659277802E+08	7720
2.103322724572338E+08	4105
2.103322773726839E+08	3390
2.103322822881339E+08	7270
2.103322860297599E+08	5070
2.103322863965617E+08	4745
2.103323072322014E+08	4715
2.103323111205086E+08	4125
2.103323159625989E+08	2890
2.103323164027810E+08	4430
2.103323216850712E+08	3825
2.103323225654329E+08	6100
2.103323255733990E+08	3150
2.103323269673205E+08	4810
2.103323447216164E+08	3160
2.103323555796184E+08	5480
2.103323683450838E+08	6455
2.103323712063277E+08	6720
2.103323734072536E+08	5570
2.103323851456557E+08	7490
2.103323856591976E+08	6375
2.103323869064200E+08	4855
2.103323893274459E+08	4115
2.103323962970996E+08	6580
2.103324017994694E+08	4825
2.103324030466713E+08	4075
2.103324051742553E+08	8240
2.103324055410775E+08	4125
2.103324059078972E+08	5910
2.103324073752017E+08	5190
2.103324254229370E+08	4685
2.103324270369790E+08	2495
2.103324320991488E+08	3625
2.103324439108928E+08	1855
2.103324475057813E+08	5790
2.103324601978844E+08	11050
2.103324607848067E+08	5955
2.103324731100901E+08	6850
2.103324742839321E+08	2820
2.103324745773741E+08	3375
2.103324748708544E+08	4325
2.103324776587206E+08	6660
2.103324829409904E+08	4895
2.103324851419342E+08	4600
2.103324943125344E+08	5785
2.103324964401184E+08	2400
2.103325020158481E+08	5830
2.103325020892079E+08	5345
2.103325044368945E+08	4270
2.103325067111982E+08	8020
2.103325086186822E+08	3000
2.103325132406699E+08	4850
2.103325171289977E+08	4640
2.103325223378898E+08	2430
2.103325253458764E+08	8275
2.103325334159919E+08	6290
2.103325369375179E+08	3395
2.103325379646198E+08	3800
2.103325395052636E+08	5265
2.103325428067101E+08	3285
2.103325444207342E+08	5930
2.103325447141941E+08	3775
2.103325515371077E+08	4420
2.103325534445917E+08	5470
2.103325588736017E+08	3895
2.103325593871642E+08	6750
2.103325652563333E+08	3300
2.103325684843815E+08	3320
2.103325820568874E+08	2245
2.103325918877877E+08	4630
2.103325994443638E+08	9885
2.103326010583854E+08	2915
2.103326028191292E+08	7265
2.103326045065337E+08	2675
2.103326047999935E+08	9245
2.103326059738355E+08	4505
2.103326107425455E+08	2435
2.103326140439511E+08	2880
2.103326141173109E+08	4945
2.103326159514351E+08	3490
2.103326171252976E+08	4990
2.103326210869853E+08	9050
2.103326253421354E+08	4005
2.103326267360979E+08	5755
2.103326293772034E+08	6860
2.103326314314275E+08	3755
2.103326392814610E+08	4200
2.103326411155851E+08	6090
2.103326444903736E+08	4245
2.103326455174959E+08	5985
2.103326477184398E+08	5480
2.103326493324639E+08	3995
2.103326496259238E+08	7015
2.103326522670677E+08	2955
2.103326551282732E+08	4250
2.103326554217152E+08	10335
2.103326558619152E+08	5885
2.103326607773654E+08	3975
2.103326642988940E+08	6205
2.103326646657137E+08	6230
2.103326695077835E+08	6085
2.103326707550059E+08	2930
2.103326727358497E+08	8665
2.103326742765115E+08	5530
2.103326767708973E+08	6470
2.103326912237854E+08	2945
2.103326981934393E+08	4705
2.103326992205616E+08	3540
2.103327045761939E+08	4560
2.103327154341757E+08	5510
2.103327210099055E+08	4255
2.103327289333014E+08	4130
2.103327312076255E+08	6905
2.103327328950095E+08	3750
2.103327359763561E+08	4250
2.103327375903597E+08	4940
2.103327408184259E+08	8160
2.103327425058099E+08	6010
2.103327480081799E+08	7320
2.103327507960460E+08	7270
2.103327528502702E+08	3620
2.103327543175542E+08	2880
2.103327571054178E+08	3430
2.103327587194215E+08	3155
2.103327587928018E+08	4315
2.103327716316684E+08	5945
2.103327760335562E+08	5505
2.103327769872982E+08	7380
2.103327820494476E+08	4170
2.103327824162903E+08	8695
2.103327840303119E+08	3905
2.103327882854800E+08	2300
2.103327970158983E+08	7945
2.103328022981503E+08	6450
2.103328058196764E+08	6440
2.103328086809024E+08	6470
2.103328124958704E+08	4900
2.103328136697125E+08	3910
2.103328315707286E+08	3195
2.103328433824729E+08	2905
2.103328460236168E+08	3250
2.103328539470128E+08	5010
2.103328642914552E+08	11105
2.103328658321170E+08	7150
2.103328660521965E+08	6240
2.103328678863207E+08	3915
2.103328770569391E+08	4545
2.103328785242435E+08	6430
2.103328810920276E+08	5180
2.103328885018432E+08	3635
2.103328897490656E+08	2750
2.103328962785374E+08	5115
2.103329033949341E+08	3150
2.103329042753137E+08	6140
2.103329081636212E+08	4150
2.103329120519696E+08	5020
2.103329152066760E+08	3090
2.103329216627701E+08	375
2.103329244506363E+08	5325
2.103329259912980E+08	5370
2.103329292193438E+08	5470
2.103329307600081E+08	4005
2.103329386834041E+08	4335
2.103329417647507E+08	6245
2.103329484409448E+08	3665
2.103329524026325E+08	5305
2.103329525493727E+08	3505
2.103329552638765E+08	3900
2.103329631872930E+08	5735
2.103329692765444E+08	2460
2.103329911392894E+08	3980
2.103329969351014E+08	4635
2.103330024374740E+08	8170
2.103330039047554E+08	6380
2.103330087468458E+08	3065
2.103330097005878E+08	4995
2.103330103608700E+08	2995
2.103330110211700E+08	4660
2.103330129286336E+08	5875
2.103330132954559E+08	4740
2.103330209254100E+08	9985
2.103330244469182E+08	6135
2.103330255474004E+08	7145
2.103330306095704E+08	6310
2.103330321502526E+08	4085
2.103330358918199E+08	5570
2.103330388998066E+08	3485
2.103330418343926E+08	1405
2.103330468965831E+08	905
2.103330489507868E+08	8290
2.103330495376886E+08	14385
2.103330543064192E+08	6600
2.103330545998791E+08	9105
2.103330550400791E+08	2615
2.103330567274427E+08	5535
2.103330598821491E+08	4795
2.103330624498948E+08	4360
2.103330643573994E+08	4250
2.103330646508592E+08	2805
2.103330650910388E+08	6975
2.103330722074535E+08	10930
2.103330756556019E+08	5130
2.103330847528400E+08	1305
2.103330953173622E+08	7145
2.103331006729920E+08	4365
2.103331110908124E+08	2810
2.103331138786786E+08	4795
2.103331162263627E+08	3265
2.103331164464449E+08	3975
2.103331236361989E+08	4720
2.103331262773224E+08	1945
2.103331502676518E+08	5095
2.103331503409937E+08	7955
2.103331563569058E+08	5875
2.103331570905657E+08	5960
2.103331669214663E+08	3135
2.103331730107587E+08	4935
2.103331972211472E+08	3465
2.103331987618115E+08	4690
2.103331992019911E+08	6680
2.103332045576236E+08	4230
2.103332174698299E+08	9505
2.103332199642542E+08	5015
2.103332297217745E+08	5730
2.103332351507643E+08	4990
2.103332404330370E+08	4425
2.103332419737192E+08	2270
2.103332528317014E+08	3645
2.103332550326453E+08	2820
2.103332575270517E+08	2880
2.103332588476135E+08	4500
2.103332637630638E+08	7000
2.103332638364237E+08	3900
2.103332782893123E+08	2990
2.103332794631365E+08	6640
2.103332810037983E+08	3770
2.103332840851449E+08	6975
2.103332859926290E+08	5905
2.103332873131933E+08	4490
2.103332889272149E+08	4915
2.103332892206748E+08	2090
2.103332919351812E+08	2105
2.103333237755062E+08	7355
2.103333242157062E+08	6450
2.103333281040547E+08	1835
2.103333282507744E+08	5430
2.103333295713387E+08	2885
2.103333313321031E+08	3075
2.103333422634426E+08	5935
2.103333460784312E+08	6010
2.103333533415478E+08	4075
2.103333601644798E+08	2845
2.103333790926189E+08	3865
2.103333796061813E+08	6680
2.103333806332627E+08	2305
2.103333834945093E+08	3990
2.103333893636813E+08	6735
2.103333937655692E+08	2890
2.103333952328917E+08	5165
2.103334057240542E+08	6065
2.103334071913561E+08	3925
2.103334255325755E+08	6950
2.103334357302756E+08	6660
2.103334403522661E+08	4675
2.103334409391859E+08	3705
2.103334480555803E+08	5735
2.103334485691427E+08	2410
2.103334507700867E+08	9210
2.103334525308101E+08	6040
2.103334580332008E+08	3055
2.103334626551709E+08	7470
2.103334774015017E+08	3020
2.103334820968700E+08	3290
2.103334943487969E+08	3400
2.103335017586512E+08	1935
2.103335034460353E+08	5875
2.103335039595952E+08	5535
2.103335050600570E+08	6585
2.103335073343838E+08	3295
2.103335123231736E+08	3090
2.103335134970362E+08	6760
2.103335145974979E+08	3875
2.103335300041084E+08	5995
2.103335385878074E+08	6225
2.103335416691335E+08	4920
2.103335434298775E+08	3285
2.103335534074981E+08	6975
2.103335638253188E+08	9960
2.103335674935468E+08	7050
2.103335695477506E+08	4450
2.103335706482533E+08	3990
2.103335784982898E+08	5790
2.103335850277619E+08	6575
2.103335904567339E+08	6690
2.103335991138107E+08	6240
2.103336085045115E+08	2515
2.103336099718135E+08	2615
2.103336230307603E+08	4165
2.103336352093250E+08	6705
2.103336390242727E+08	3330
2.103336476079718E+08	4315
2.103336545776261E+08	5795
2.103336614005607E+08	4835
2.103336678566730E+08	8110
2.103336995502994E+08	1875
2.103337045391098E+08	6125
2.103337070335137E+08	5005
2.103337082073353E+08	4390
2.103337208994830E+08	2530
2.103337387271197E+08	4315
2.103337395341421E+08	7115
2.103337495117629E+08	6315
2.103337510524247E+08	6285
2.103337606632257E+08	7010
2.103337757763765E+08	4440
2.103337770969383E+08	7045
2.103338235368961E+08	6480
2.103338311668506E+08	10665
2.103338379897853E+08	8400
2.103338410710910E+08	2945
2.103338448860798E+08	5220
2.103338548637005E+08	4530
2.103338619800746E+08	4045
2.103338701235916E+08	3650
2.103338729847974E+08	3345
2.103338821554368E+08	2875
2.103338894185536E+08	5095
2.103338929400595E+08	4745
2.103338957279054E+08	3785
2.103339026975802E+08	4110
2.103339070261085E+08	3570
2.103339084200327E+08	4780
2.103339136289431E+08	3715
2.103339178107312E+08	5570
2.103339185443732E+08	5720
2.103339202317957E+08	3005
2.103339216257200E+08	6670
2.103339239733837E+08	7760
2.103339288888343E+08	7240
2.103339329972625E+08	4475
2.103339376192531E+08	5600
2.103339443688075E+08	3575
2.103339467898516E+08	3720
2.103339580146744E+08	2265
2.103339723208261E+08	4000
2.103339737881281E+08	7515
2.103339739348683E+08	2940
2.103339806844227E+08	9120
2.103339828853667E+08	4875
2.103339840592088E+08	3920
2.103339917625053E+08	3295
2.103339961644139E+08	6110
2.103339966779559E+08	4000
2.103339971181560E+08	4600
2.103339993190821E+08	5710
2.103339993924625E+08	5815
2.103340037943505E+08	4085
2.103340090766414E+08	7890
2.103340280047607E+08	7820
2.103340332870311E+08	4175
2.103340344608552E+08	6555
2.103340437781940E+08	5305
2.103340450987763E+08	15690
2.103340588180057E+08	2590
2.103340596250076E+08	3005
2.103340627063338E+08	4480
2.103340671082220E+08	3590
2.103340673283246E+08	3470
2.103340720970529E+08	5900
2.103340768657429E+08	6305
2.103340771592027E+08	3250
2.103340778928653E+08	4395
2.103340788466074E+08	2745
2.103340864765441E+08	2445
2.103340867700039E+08	7700
2.103340883106683E+08	5000
2.103340937396584E+08	4000
2.103340938863986E+08	8860
2.103341001224110E+08	3875
2.103341012228933E+08	1770
2.103341014429755E+08	3915
2.103341022499953E+08	4525
2.103341127411582E+08	2780
2.103341145019227E+08	4985
2.103341252865635E+08	6180
2.103341260935858E+08	5065
2.103341266071278E+08	5185
2.103341318893982E+08	3405
2.103341334300627E+08	2435
2.103341346038843E+08	3960
2.103341351174442E+08	8120
2.103341392258930E+08	6730
2.103341459020876E+08	5950
2.103341462689073E+08	5220
2.103341566133711E+08	4925
2.103341648302071E+08	5685
2.103341741475664E+08	2200
2.103341748812084E+08	3725
2.103341759083104E+08	2065
2.103341764952327E+08	4870
2.103341786228169E+08	7420
2.103341800901189E+08	6730
2.103341863994938E+08	6875
2.103341889672576E+08	2665
2.103341949831906E+08	8025
2.103342076752977E+08	3355
2.103342130309279E+08	960
2.103342140580503E+08	7190
2.103342153052344E+08	5540
2.103342161856346E+08	9360
2.103342210277049E+08	3935
2.103342306384857E+08	5810
2.103342337931719E+08	3160
2.103342426703311E+08	5940
2.103342447245555E+08	6190
2.103342574166626E+08	4810
2.103342640195153E+08	3205
2.103342657068995E+08	3500
2.103342693751481E+08	4355
2.103342765649028E+08	4020
2.103342775920047E+08	7875
2.103342821406331E+08	4935
2.103342855154014E+08	4425
2.103342858822211E+08	3040
2.103342875696258E+08	7590
2.103342908710521E+08	7255
2.103342993079908E+08	4330
2.103343030496173E+08	4135
2.103343031229976E+08	5975
2.103343217576574E+08	6775
2.103343285072120E+08	4495
2.103343290207719E+08	3575
2.103343323221804E+08	3745
2.103343345231450E+08	6615
2.103343510302385E+08	5950
2.103343603475595E+08	7435
2.103343613746819E+08	5995
2.103343629153233E+08	3425
2.103343630620635E+08	8145
2.103343634288858E+08	10255
2.103343663634719E+08	4485
2.103343677574141E+08	5495
2.103343687111562E+08	8925
2.103343725261246E+08	8675
2.103343731864248E+08	2350
2.103343774415958E+08	6485
2.103343816967438E+08	2745
2.103343838243076E+08	3715
2.103343868322946E+08	6085
2.103343928482071E+08	4925
2.103343931416670E+08	6920
2.103343954159735E+08	2510
2.103343960028933E+08	2805
2.103343964430754E+08	5785
2.103343965164558E+08	6550
2.103344028991881E+08	7085
2.103344081814585E+08	4085
2.103344146375532E+08	5715
2.103344196263843E+08	4955
2.103344257156566E+08	3525
2.103344258623968E+08	7035
2.103344364269198E+08	2570
2.103344382610416E+08	5385
2.103344389213443E+08	985
2.103344398750660E+08	7590
2.103344435433147E+08	2990
2.103344440568746E+08	8505
2.103344446437970E+08	3810
2.103344456708989E+08	4630
2.103344484587654E+08	2590
2.103344493391476E+08	8370
2.103344494858674E+08	5915
2.103344520536517E+08	5435
2.103344534475760E+08	4470
2.103344651125787E+08	2225
2.103344655527814E+08	6985
2.103344749434802E+08	4080
2.103344763374045E+08	6930
2.103344825734171E+08	6395
2.103344871954258E+08	4635
2.103344916706560E+08	5520
2.103344978333087E+08	9135
2.103344983468712E+08	4915
2.103345031155997E+08	5570
2.103345125062806E+08	3850
2.103345176418314E+08	6915
2.103345201362354E+08	5895
2.103345355428494E+08	4745
2.103345370101514E+08	5740
2.103345378905337E+08	3730
2.103345384040757E+08	5125
2.103345513163036E+08	6415
2.103345643018709E+08	6600
2.103345645953307E+08	155
2.103345761869942E+08	4400
2.103345767738961E+08	3110
2.103345788281205E+08	2165
2.103345811758048E+08	3025
2.103346021581493E+08	6710
2.103346055329381E+08	6220
2.103346100815666E+08	7960
2.103346182984233E+08	6220
2.103346252680780E+08	5625
2.103346491116694E+08	4900
2.103346547607622E+08	4135
2.103346582089084E+08	3230
2.103346607033150E+08	4475
2.103346642982013E+08	2160
2.103346644449236E+08	4380
2.103346660589454E+08	2635
2.103346836665241E+08	6945
2.103346874814926E+08	2290
2.103346930572230E+08	7010
2.103347059694305E+08	8335
2.103347170475342E+08	6445
2.103347226966066E+08	4095
2.103347252643909E+08	9745
2.103347294462022E+08	5290
2.103347398640032E+08	8035
2.103347476406599E+08	6265
2.103347507220068E+08	6700
2.103347546103351E+08	2150
2.103347549037950E+08	7810
2.103347560042773E+08	3855
2.103347690632251E+08	2405
2.103347705305093E+08	5770
2.103347750057574E+08	3060
2.103347849100189E+08	5025
2.103347874044460E+08	3815
2.103347886516276E+08	5505
2.103347899722099E+08	3225
2.103347968685049E+08	2410
2.103347984825292E+08	8225
2.103348049386420E+08	1935
2.103348069194861E+08	5435
2.103348083134104E+08	4450
2.103348122017567E+08	9020
2.103348145494436E+08	230
2.103348185111318E+08	5030
2.103348284153728E+08	3670
2.103348284887532E+08	4285
2.103348374392726E+08	9830
2.103348483706361E+08	5130
2.103348499113185E+08	2920
2.103348515253224E+08	6135
2.103348575412351E+08	5895
2.103348587150773E+08	4560
2.103348635571478E+08	5280
2.103348680324164E+08	5470
2.103348730946075E+08	3605
2.103348750020917E+08	5375
2.103348849796927E+08	7865
2.103348873273796E+08	9240
2.103348909956259E+08	3780
2.103348937101325E+08	5750
2.103348939302326E+08	3410
2.103348941503122E+08	3185
2.103348950306944E+08	5130
2.103348969381787E+08	3785
2.103348970115385E+08	4875
2.103348984054629E+08	3900
2.103348993592255E+08	4880
2.103349001662453E+08	5850
2.103349114644107E+08	3390
2.103349118312305E+08	6350
2.103349193878077E+08	2375
2.103349194611880E+08	5690
2.103349228359744E+08	10555
2.103349232028146E+08	2875
2.103349245233791E+08	3500
2.103349273112251E+08	3170
2.103349346476998E+08	4560
2.103349396365310E+08	4605
2.103349424243770E+08	5600
2.103349439650595E+08	2615
2.103349504211544E+08	5305
2.103349515949965E+08	5970
2.103349535758612E+08	5255
2.103349626731003E+08	3360
2.103349658277867E+08	4290
2.103349679553505E+08	3620
2.103349706698777E+08	4580
2.103349765390502E+08	6035
2.103349767591502E+08	3955
2.103349768325306E+08	4650
2.103349867367512E+08	3430
2.103349900381982E+08	4215
2.103349907718403E+08	6765
2.103349942933669E+08	5905
2.103350008961815E+08	6150
2.103350069121147E+08	4580
2.103350151289717E+08	5005
2.103350178434579E+08	5470
2.103350193841224E+08	9420
2.103350222453667E+08	2735
2.103350311225264E+08	3225
2.103350317094283E+08	2790
2.103350348641351E+08	6840
2.103350355243968E+08	6810
2.103350455020183E+08	4740
2.103350467492204E+08	8810
2.103350541590959E+08	2440
2.103350621558732E+08	4905
2.103350681717655E+08	3370
2.103350738208585E+08	4375
2.103350788096898E+08	11485
2.103350870265467E+08	4900
2.103350962705262E+08	4225
2.103350967106879E+08	6480
2.103351003055769E+08	4530
2.103351056612279E+08	5680
2.103351133645249E+08	9205
2.103351198206378E+08	4135
2.103351207010201E+08	4010
2.103351278907751E+08	3420
2.103351281842350E+08	4810
2.103351308987417E+08	7585
2.103351449114319E+08	5855
2.103351459385339E+08	9210
2.103351624456103E+08	2665
2.103351626657104E+08	9390
2.103351642063928E+08	5065
2.103351680947213E+08	5980
2.103351724232524E+08	4980
2.103351820340312E+08	6825
2.103351870962223E+08	3465
2.103351889303467E+08	11905
2.103351962668214E+08	3675
2.103351968537643E+08	3540
2.103351973673064E+08	3980
2.103351981743262E+08	5480
2.103352059509831E+08	9470
2.103352105729742E+08	6545
2.103352160019851E+08	9445
2.103352180562096E+08	6135
2.103352185697516E+08	4145
2.103352201837939E+08	2795
2.103352215043379E+08	6760
2.103352216510781E+08	3125
2.103352228248999E+08	6675
2.103352260529666E+08	3125
2.103352338296235E+08	6310
2.103352342698236E+08	1140
2.103352357371283E+08	6860
2.103352363974105E+08	4665
2.103352403591193E+08	3835
2.103352539316069E+08	5635
2.103352552521893E+08	5975
2.103352581134158E+08	2730
2.103352745471325E+08	4385
2.103352755008951E+08	2810
2.103352764546168E+08	4915
2.103352847448542E+08	5645
2.103352906874071E+08	5960
2.103353044800179E+08	2635
2.103353047734778E+08	3540
2.103353070477819E+08	4945
2.103353089552662E+08	4650
2.103353132838153E+08	4975
2.103353160716614E+08	8485
2.103353226011163E+08	8935
2.103353308913537E+08	5085
2.103353468115284E+08	4020
2.103353545882059E+08	4625
2.103353597971168E+08	5145
2.103353609709590E+08	4890
2.103353618513413E+08	3640
2.103353647125678E+08	1825
2.103353650794080E+08	9045
2.103353652994876E+08	4635
2.103353661064895E+08	2715
2.103353726359854E+08	5760
2.103353809262024E+08	3435
2.103353813663846E+08	4290
2.103353834939690E+08	6465
2.103353838608092E+08	3305
2.103353901701820E+08	6690
2.103354016884683E+08	6095
2.103354030090302E+08	4270
2.103354069707390E+08	4390
2.103354157745185E+08	4025
2.103354181955629E+08	4295
2.103354225974539E+08	5120
2.103354234778157E+08	9370
2.103354272928023E+08	5240
2.103354362433220E+08	3580
2.103354389578083E+08	3135
2.103354421125152E+08	6195
2.103354469545859E+08	4855
2.103354552448233E+08	6330
2.103354603803565E+08	8100
2.103354606738164E+08	6245
2.103354650023450E+08	4720
2.103354669098294E+08	6060
2.103354688173137E+08	2285
2.103354707981784E+08	3835
2.103354741729443E+08	5185
2.103354760070688E+08	3875
2.103354826832845E+08	5035
2.103354829767444E+08	4475
2.103354839304865E+08	5905
2.103354876720749E+08	6425
2.103354912669614E+08	3620
2.103354925141660E+08	6960
2.103354982366370E+08	9470
2.103355042525499E+08	6330
2.103355054263946E+08	4250
2.103355086544409E+08	3120
2.103355109287450E+08	2175
2.103355148170941E+08	6130
2.103355203194470E+08	6880
2.103355211264669E+08	4335
2.103355240610532E+08	4575
2.103355332316731E+08	3370
2.103355338919553E+08	3470
2.103355381471241E+08	3910
2.103355413751730E+08	2120
2.103355420354526E+08	4295
2.103355421088125E+08	5185
2.103355492985677E+08	4060
2.103355523798968E+08	4085
2.103355528934568E+08	2870
2.103355581757276E+08	4055
2.103355585425499E+08	3385
2.103355612570542E+08	5520
2.103355706477562E+08	5265
2.103355755632072E+08	3775
2.103355757099474E+08	7575
2.103355906029998E+08	4355
2.103355917034617E+08	5805
2.103355958852706E+08	4105
2.103355972058530E+08	6665
2.103355998469795E+08	5115
2.103356030016659E+08	6655
2.103356099713211E+08	3130
2.103356122456457E+08	5765
2.103356141531300E+08	5750
2.103356173811789E+08	8200
2.103356189218409E+08	4205
2.103356199489634E+08	1855
2.103356231036294E+08	2735
2.103356240573920E+08	2665
2.103356283859028E+08	5150
2.103356288261029E+08	5440
2.103356291195628E+08	5675
2.103356308803070E+08	3000
2.103356369696003E+08	4865
2.103356382168024E+08	5105
2.103356399775465E+08	6680
2.103356412981289E+08	9345
2.103356434990553E+08	4550
2.103356440126153E+08	3980
2.103356536234173E+08	7895
2.103356577318460E+08	3400
2.103356655085236E+08	4360
2.103356657286236E+08	5935
2.103356720380170E+08	6915
2.103356721113769E+08	4400
2.103356730650986E+08	5920
2.103356765132475E+08	6570
2.103356771001878E+08	5385
2.103356810618762E+08	5505
2.103356861240675E+08	3975
2.103356952213071E+08	3170
2.103356988895561E+08	2385
2.103357010171405E+08	9900
2.103357057124710E+08	4075
2.103357101877399E+08	4495
2.103357103344622E+08	3980
2.103357172307754E+08	9390
2.103357204588243E+08	5100
2.103357238336108E+08	2815
2.103357258144551E+08	2815
2.103357269149170E+08	5405
2.103357287490415E+08	7550
2.103357302163436E+08	3885
2.103357303630659E+08	2575
2.103357361589172E+08	5790
2.103357375528416E+08	5160
2.103357383598436E+08	7370
2.103357399738860E+08	4755
2.103357443757566E+08	4795
2.103357487776656E+08	6295
2.103357569945229E+08	4315
2.103357581683652E+08	7350
2.103357584618277E+08	4825
2.103357591954672E+08	2785
2.103357679992469E+08	4750
2.103357693198114E+08	12145
2.103357696132714E+08	6865
2.103357746021028E+08	2445
2.103357763628470E+08	9050
2.103357768764069E+08	11270
2.103357877344112E+08	2765
2.103357915493799E+08	3145
2.103357922096801E+08	3040
2.103357981522333E+08	2735
2.103358183275594E+08	6135
2.103358185476594E+08	4610
2.103358208953234E+08	5150
2.103358211888038E+08	5405
2.103358230962882E+08	7870
2.103358238299098E+08	6010
2.103358255906745E+08	3725
2.103358269846168E+08	5030
2.103358274247990E+08	4300
2.103358327070699E+08	4635
2.103358355682965E+08	9815
2.103358396767251E+08	3635
2.103358402636654E+08	6845
2.103358438585341E+08	6035
2.103358456926586E+08	7050
2.103358469398812E+08	4855
2.103358544964384E+08	8850
2.103358573576649E+08	4990
2.103358587516073E+08	7995
2.103358606590916E+08	2910
2.103358683623890E+08	4160
2.103358686558489E+08	6350
2.103358716638362E+08	5735
2.103358723240979E+08	6550
2.103358751853424E+08	7500
2.103358797339533E+08	7065
2.103358808344357E+08	6095
2.103358851629644E+08	3955
2.103358853830466E+08	5070
2.103358861900665E+08	6755
2.103358909587979E+08	4920
2.103358914723195E+08	4275
2.103358992490151E+08	4020
2.103359018167818E+08	6810
2.103359023303443E+08	3345
2.103359062186703E+08	3295
2.103359094467193E+08	4265
2.103359126014058E+08	4380
2.103359174434971E+08	4660
2.103359186173393E+08	5900
2.103359215519462E+08	4955
2.103359223589482E+08	4025
2.103359233860503E+08	4390
2.103359243397924E+08	3600
2.103359250734525E+08	3320
2.103359263206367E+08	4685
2.103359274211191E+08	3105
2.103359284482211E+08	7000
2.103359324099301E+08	8960
2.103359418739896E+08	10400
2.103359494305877E+08	6630
2.103359501642273E+08	6840
2.103359501642273E+08	2535
2.103359539791961E+08	4735
2.103359645437610E+08	4930
2.103359648372209E+08	6435
2.103359681386272E+08	5930
2.103359705596536E+08	4195
2.103359725405183E+08	2700
2.103359761354050E+08	5060
2.103359787765315E+08	4835
2.103359852326447E+08	4420
2.103359884606936E+08	12065
2.103359949168068E+08	5400
2.103360013729226E+08	5395
2.103360040140466E+08	1995
2.103360102500598E+08	2485
2.103360114239046E+08	6375
2.103360117173645E+08	6115
2.103360158257932E+08	4330
2.103360178066374E+08	3570
2.103360220618064E+08	5485
2.103360234557307E+08	6395
2.103360244094934E+08	2410
2.103360270506379E+08	4100
2.103360302053244E+08	2935
2.103360341670129E+08	3090
2.103360424572327E+08	7195
2.103360495002684E+08	7840
2.103360598447308E+08	3455
2.103360701891727E+08	7395
2.103360746644237E+08	7485
2.103360781859300E+08	6470
2.103360825878417E+08	3475
2.103360868430106E+08	3095
2.103360875766323E+08	5175
2.103360912448993E+08	4805
2.103360979944546E+08	8675
2.103360987280967E+08	2740
2.103361045239303E+08	5665
2.103361150151124E+08	5940
2.103361277805808E+08	7465
2.103361302016252E+08	4545
2.103361339432341E+08	3710
2.103361390054255E+08	10070
2.103361428937747E+08	8835
2.103361431138543E+08	6540
2.103361490564280E+08	6550
2.103361523578368E+08	3220
2.103361527980165E+08	8890
2.103361529447567E+08	4090
2.103361579335678E+08	4145
2.103361648298428E+08	2390
2.103361684980919E+08	6905
2.103361708457764E+08	5375
2.103361744406452E+08	4220
2.103361811168585E+08	3185
2.103361848584675E+08	4760
2.103361857388498E+08	9315
2.103361887467962E+08	3355
2.103361924150453E+08	2650
2.103361949094495E+08	3955
2.103361982108763E+08	8925
2.103362037132294E+08	5000
2.103362039333295E+08	3865
2.103362060609140E+08	9405
2.103362114899073E+08	3785
2.103362136908517E+08	4520
2.103362144978741E+08	4870
2.103362164053790E+08	4855
2.103362207339078E+08	7425
2.103362222745494E+08	5550
2.103362230082121E+08	5930
2.103362236684943E+08	380
2.103362254292385E+08	7525
2.103362316652518E+08	4700
2.103362329858138E+08	6390
2.103362352601385E+08	4105
2.103362358470609E+08	9250
2.103362396620297E+08	7665
2.103362408358720E+08	2335
2.103362428167163E+08	4745
2.103362467050450E+08	8835
2.103362585168122E+08	6945
2.103362605710163E+08	6025
2.103362610112165E+08	5265
2.103362685677943E+08	6685
2.103362739967851E+08	6610
2.103362784720567E+08	7030
2.103362804529009E+08	5045
2.103362822870229E+08	3680
2.103362848548101E+08	3360
2.103362891833185E+08	8045
2.103362923380076E+08	2000
2.103362949057718E+08	5240
2.103362972534563E+08	3675
2.103362993076809E+08	5310
2.103363026090898E+08	7945
2.103363051034941E+08	6795
2.103363075245411E+08	3225
2.103363106792276E+08	8405
2.103363186026253E+08	3935
2.103363208769499E+08	4290
2.103363208769499E+08	5615
2.103363281400653E+08	3995
2.103363319550341E+08	3975
2.103363345228213E+08	6950
2.103363392915503E+08	4960
2.103363411990348E+08	7455
2.103363420060368E+08	2780
2.103363469214880E+08	4050
2.103363478018499E+08	4875
2.103363525705815E+08	7705
2.103363593201368E+08	2410
2.103363706183211E+08	6675
2.103363748001302E+08	4810
2.103363775146372E+08	4995
2.103363840441104E+08	7470
2.103364015049302E+08	4840
2.103364016516704E+08	8770
2.103364033390548E+08	4550
2.103364092816261E+08	6945
2.103364098685485E+08	6190
2.103364160312020E+08	3660
2.103364221204751E+08	6295
2.103364227807573E+08	3510
2.103364345925042E+08	2860
2.103364348126043E+08	6805
2.103364353261464E+08	4995
2.103364382607508E+08	3305
2.103364385542133E+08	1970
2.103364421491000E+08	7110
2.103364472112711E+08	2975
2.103364502925978E+08	4295
2.103364548412088E+08	9760
2.103364593898199E+08	3355
2.103364610772221E+08	5470
2.103364647454713E+08	7660
2.103364648922115E+08	4845
2.103364690740002E+08	5080
2.103364762637557E+08	2935
2.103364869016604E+08	5990
2.103364925507539E+08	4505
2.103365015012741E+08	5845
2.103365016480143E+08	5175
2.103365028951960E+08	9180
2.103365140466811E+08	6805
2.103365149270430E+08	3130
2.103365176415499E+08	6110
2.103365185219323E+08	2185
2.103365218966985E+08	3635
2.103365472809751E+08	4450
2.103365493351614E+08	11480
2.103365495552614E+08	6810
2.103365515361262E+08	5655
2.103365543239726E+08	8615
2.103365554978149E+08	6815
2.103365585057817E+08	6040
2.103365587258613E+08	6105
2.103365598997241E+08	7550
2.103365640081529E+08	2680
2.103365689969641E+08	9110
2.103365756731802E+08	2370
2.103365802218092E+08	4705
2.103365811755309E+08	4120
2.103365812488908E+08	7650
2.103365813222737E+08	7675
2.103365815423533E+08	5695
2.103365864578046E+08	8575
2.103365935008200E+08	3365
2.103365939410202E+08	7150
2.103365954083045E+08	2480
2.103365976826292E+08	4655
2.103366057527672E+08	11140
2.103366108883186E+08	1990
2.103366133827050E+08	5960
2.103366158771093E+08	3205
2.103366176378741E+08	7740
2.103366189584566E+08	2810
2.103366197654586E+08	5330
2.103366215262028E+08	2790
2.103366305500830E+08	3095
2.103366333379499E+08	6345
2.103366470571993E+08	3820
2.103366480843014E+08	6705
2.103366491847838E+08	3995
2.103366648114998E+08	2475
2.103366684063686E+08	5220
2.103366709741533E+08	6940
2.103366716344151E+08	3450
2.103366736152799E+08	6750
2.103366753760242E+08	5845
2.103366760363244E+08	3765
2.103366761830441E+08	2360
2.103366847667447E+08	4930
2.103366852803047E+08	3025
2.103366858672067E+08	2360
2.103366894620960E+08	4940
2.103366921766004E+08	5040
2.103366930569623E+08	3965
2.103366935705249E+08	7230
2.103366939373447E+08	4620
2.103366945976270E+08	3480
2.103366947443467E+08	2245
2.103366952579067E+08	6910
2.103366984859558E+08	6435
2.103366989995158E+08	9980
2.103366995864382E+08	3185
2.103367000266384E+08	6775
2.103367013472030E+08	5555
2.103367013472030E+08	2575
2.103367014939432E+08	9365
2.103367047219897E+08	5215
2.103367109580031E+08	5885
2.103367138192298E+08	3180
2.103367141860701E+08	4340
2.103367160935545E+08	4105
2.103367161669144E+08	4805
2.103367195417037E+08	4160
2.103367200552637E+08	9405
2.103367243104328E+08	6450
2.103367257043368E+08	4125
2.103367260711565E+08	5090
2.103367323071700E+08	6320
2.103367334810148E+08	9210
2.103367338478346E+08	5795
2.103367362688791E+08	3835
2.103367379562635E+08	7095
2.103367441922974E+08	6290
2.103367444857599E+08	3725
2.103367466867043E+08	3030
2.103367468334445E+08	3195
2.103367480072663E+08	4545
2.103367517488754E+08	4400
2.103367519689755E+08	4380
2.103367580582487E+08	6600
2.103367582049890E+08	4495
2.103367599657332E+08	4295
2.103367605526556E+08	6860
2.103367613596781E+08	4870
2.103367653213668E+08	3630
2.103367681826115E+08	4670
2.103367688428937E+08	7780
2.103367688428937E+08	9410
2.103367697232761E+08	3630
2.103367697232761E+08	3520
2.103367724377626E+08	7675
2.103367727312226E+08	3475
2.103367739050649E+08	10410
2.103367747854472E+08	4440
2.103367762527495E+08	3950
2.103367780135143E+08	3830
2.103367784536760E+08	6040
2.103367787471359E+08	2760
2.103367809481008E+08	8655
2.103367831490452E+08	4055
2.103367911458234E+08	7360
2.103367943005101E+08	6445
2.103367970883769E+08	5750
2.103367978953789E+08	4930
2.103368013435281E+08	6230
2.103368036178324E+08	7330
2.103368231329157E+08	4050
2.103368249670403E+08	1990
2.103368270212446E+08	7770
2.103368306894733E+08	3540
2.103368319366960E+08	4360
2.103368355315649E+08	2840
2.103368382460693E+08	5260
2.103368449956248E+08	4030
2.103368468297495E+08	8605
2.103368481503320E+08	3610
2.103368532125031E+08	3960
2.103368553400902E+08	4090
2.103368565139121E+08	3445
2.103368571742123E+08	3690
2.103368590816968E+08	3300
2.103368627499460E+08	6090
2.103368633368685E+08	2860
2.103368747817728E+08	8495
2.103368758822348E+08	6000
2.103368809444264E+08	2695
2.103368843192157E+08	5390
2.103368843925756E+08	2330
2.103368851262357E+08	5345
2.103368860065976E+08	9285
2.103368879140821E+08	4460
2.103368886477447E+08	10875
2.103368904818693E+08	5325
2.103368919491511E+08	4135
2.103368942234759E+08	6625
2.103368971580830E+08	3935
2.103368974515250E+08	6055
2.103369031006160E+08	3010
2.103369035408187E+08	6435
2.103369037608983E+08	5225
2.103369071356851E+08	2820
2.103369077959674E+08	4850
2.103369101436520E+08	3960
2.103369122712366E+08	2915
2.103369151324633E+08	2770
2.103369190207922E+08	5890
2.103369195343547E+08	5180
2.103369229091415E+08	6885
2.103369229091415E+08	4780
2.103369280446930E+08	5960
2.103369306858197E+08	7300
2.103369310526395E+08	5300
2.103369338405063E+08	6585
2.103369342807065E+08	4045
2.103369355279112E+08	5000
2.103369381690353E+08	10400
2.103369394896000E+08	5175
2.103369405167021E+08	9445
2.103369469728156E+08	6940
2.103369505677050E+08	5160
2.103369515948071E+08	5760
2.103369554097762E+08	5100
2.103369571705384E+08	4050
2.103369717701525E+08	4530
2.103369722837125E+08	7180
2.103369766855834E+08	4400
2.103369827015174E+08	7145
2.103369879104288E+08	6690
2.103369899646535E+08	3220
2.103369920922380E+08	3135
2.103369944398843E+08	5265
2.103369977413317E+08	4610
2.103369992819733E+08	5995
2.103369996488162E+08	8870
2.103370037572451E+08	5740
2.103370081591340E+08	4100
2.103370082325144E+08	4340
2.103370099198783E+08	4660
2.103370145418698E+08	3925
2.103370146886100E+08	4770
2.103370215849059E+08	5410
2.103370222451856E+08	6185
2.103370277475390E+08	5995
2.103370317092482E+08	3465
2.103370335433729E+08	6070
2.103370384588244E+08	9910
2.103370408065090E+08	4500
2.103370414667913E+08	3875
2.103370423471737E+08	8615
2.103370468224225E+08	3875
2.103370499771092E+08	5115
2.103370544523605E+08	3155
2.103370547458204E+08	7050
2.103370554794831E+08	7870
2.103370584874296E+08	8840
2.103370672178680E+08	3760
2.103370695655347E+08	10735
2.103370742609040E+08	3045
2.103370747010658E+08	3030
2.103370763884707E+08	4085
2.103370825511244E+08	6450
2.103370829179442E+08	8920
2.103370832847640E+08	3925
2.103370845319688E+08	11255
2.103370888604978E+08	7925
2.103370893740399E+08	4755
2.103371018460875E+08	6535
2.103371030199298E+08	3495
2.103371067615390E+08	7025
2.103371074218008E+08	3575
2.103371084489234E+08	2100
2.103371099162257E+08	6470
2.103371122638899E+08	2655
2.103371143181171E+08	6895
2.103371161522392E+08	4580
2.103371166658018E+08	4705
2.103371222415331E+08	4305
2.103371361074847E+08	6850
2.103371386752515E+08	3180
2.103371463052075E+08	9880
2.103371526879433E+08	3540
2.103371621520035E+08	5905
2.103371623721061E+08	4205
2.103371624454865E+08	6400
2.103371633258484E+08	4490
2.103371725698290E+08	4555
2.103371728632889E+08	5790
2.103371738903910E+08	5685
2.103371846750363E+08	5825
2.103371850418766E+08	8205
2.103371858488787E+08	5620
2.103371912778902E+08	3255
2.103371961933212E+08	5145
2.103372019157953E+08	3895
2.103372132873400E+08	5975
2.103372153415672E+08	4305
2.103372190831739E+08	6295
2.103372192298936E+08	4350
2.103372333159659E+08	11530
2.103372350767102E+08	5615
2.103372399921617E+08	6035
2.103372455678751E+08	5520
2.103372472552979E+08	1110
2.103372474753596E+08	6400
2.103372531244712E+08	2445
2.103372620016320E+08	4320
2.103372622217116E+08	5045
2.103372697049300E+08	4310
2.103372807096549E+08	4025
2.103372927415025E+08	9365
2.103372932550625E+08	7105
2.103372933284249E+08	4870
2.103372942821851E+08	4170
2.103372967765716E+08	4705
2.103372975102343E+08	7765
2.103373001513789E+08	5445
2.103373055803521E+08	5840
2.103373194463243E+08	7805
2.103373253155361E+08	10575
2.103373533409021E+08	2980
2.103373537077220E+08	7280
2.103373721223234E+08	9070
2.103373765241945E+08	5040
2.103373787251595E+08	2875
2.103373824667687E+08	7200
2.103373833471306E+08	4400
2.103373920041888E+08	4890
2.103373920775487E+08	4125
2.103374029355744E+08	6360
2.103374051365189E+08	6110
2.103374087313879E+08	2450
2.103374144538620E+08	6890
2.103374159945242E+08	2620
2.103374269258689E+08	7365
2.103374274394315E+08	5030
2.103374308875782E+08	5530
2.103374350693876E+08	4650
2.103374354362100E+08	6360
2.103374421857837E+08	7400
2.103374425526060E+08	3770
2.103374426993258E+08	6245
2.103374574456805E+08	4625
2.103374779878463E+08	7560
2.103374793817708E+08	9770
2.103374837836598E+08	4980
2.103374867916268E+08	7290
2.103374889192114E+08	5075
2.103374944949454E+08	7350
2.103374997772168E+08	6110
2.103375018314211E+08	6615
2.103375041791058E+08	4490
2.103375046926479E+08	2355
2.103375134230891E+08	6215
2.103375136431687E+08	4745
2.103375286829835E+08	3780
2.103375296367258E+08	5975
2.103375332315922E+08	3700
2.103375367531219E+08	3770
2.103375480513069E+08	4750
2.103375493718716E+08	1285
2.103375559747051E+08	5655
2.103375599364144E+08	9585
2.103375618438990E+08	5295
2.103375642649436E+08	6275
2.103375702808777E+08	6620
2.103375726285445E+08	5085
2.103375809921224E+08	3325
2.103375868613163E+08	3830
2.103375893557438E+08	5455
2.103375928772504E+08	8735
2.103376013875916E+08	3890
2.103376016810515E+08	1690
2.103376056427404E+08	5265
2.103376131259563E+08	6230
2.103376195086924E+08	11435
2.103376223699397E+08	3930
2.103376316872599E+08	5785
2.103376367494518E+08	4420
2.103376477541769E+08	8440
2.103376482677369E+08	520
2.103376484144797E+08	8460
2.103376561911557E+08	2395
2.103376584654421E+08	2310
2.103376664622207E+08	5305
2.103376671225210E+08	3885
2.103376677828033E+08	3390
2.103376686631652E+08	4560
2.103376724781344E+08	6840
2.103376733585373E+08	4495
2.103376782739864E+08	4295
2.103376885450514E+08	6280
2.103376886184318E+08	4595
2.103376905259163E+08	6715
2.103376921399589E+08	5040
2.103376952946457E+08	7665
2.103377021175615E+08	6240
2.103377030713038E+08	7410
2.103377071797533E+08	6625
2.103377090138780E+08	5185
2.103377158367938E+08	7350
2.103377178176382E+08	6850
2.103377181844786E+08	3985
2.103377188447609E+08	6310
2.103377189181412E+08	3345
2.103377190648609E+08	5655
2.103377218527075E+08	5495
2.103377245672351E+08	3050
2.103377266948197E+08	5230
2.103377277219014E+08	4200
2.103377299962263E+08	4630
2.103377308766087E+08	7370
2.103377370392626E+08	5510
2.103377374060645E+08	5760
2.103377429084361E+08	5225
2.103377435687184E+08	2240
2.103377539865417E+08	6660
2.103377588286130E+08	6340
2.103377593421756E+08	7530
2.103377616898603E+08	7270
2.103377666052915E+08	6355
2.103377702001990E+08	1820
2.103377729146857E+08	3265
2.103377737950681E+08	8615
2.103377781235973E+08	7320
2.103377809114643E+08	3135
2.103377820119263E+08	5175
2.103377856067954E+08	1390
2.103377862670957E+08	8190
2.103377901554247E+08	5065
2.103377957311587E+08	5880
2.103378027741951E+08	7950
2.103378070293644E+08	7080
2.103378112111739E+08	3230
2.103378177406297E+08	4770
2.103378201616744E+08	6445
2.103378215555989E+08	2080
2.103378219957991E+08	9410
2.103378251504655E+08	4885
2.103378277916127E+08	2815
2.103378295523776E+08	295
2.103378298458375E+08	755
2.103378375491562E+08	7025
2.103378399702009E+08	5540
2.103378520754087E+08	6590
2.103378699030498E+08	1845
2.103378751853418E+08	6120
2.103378850896051E+08	9145
2.103378884643741E+08	3915
2.103378970480727E+08	6645
2.103378984420177E+08	2870
2.103379005696024E+08	6400
2.103379078327184E+08	325
2.103379110607651E+08	5610
2.103379128215095E+08	5045
2.103379192042635E+08	2755
2.103379241930956E+08	4455
2.103379280080648E+08	4460
2.103379314562142E+08	4675
2.103379326300361E+08	5245
2.103379341707188E+08	4100
2.103379383524899E+08	6105
2.103379407735345E+08	5105
2.103379408469149E+08	5400
2.103379424609395E+08	7285
2.103379540525848E+08	5495
2.103379563268918E+08	3055
2.103379596283189E+08	10220
2.103379683587398E+08	3435
2.103379695325822E+08	9205
2.103379707797844E+08	2915
2.103379721003466E+08	2720
2.103379956504826E+08	3595
2.103380037939810E+08	6520
2.103380038673614E+08	8480
2.103380042341812E+08	9010
2.103380079757906E+08	3960
2.103380097365350E+08	5585
2.103380215482829E+08	5550
2.103380312324641E+08	2500
2.103380312324641E+08	6785
2.103380569101644E+08	6440
2.103380604316737E+08	3905
2.103380620456958E+08	4880
2.103380731971819E+08	6760
2.103380777457933E+08	5970
2.103380799467379E+08	8270
2.103380848621692E+08	4415
2.103380857425721E+08	5620
2.103380900711014E+08	4905
2.103380910982036E+08	6155
2.103380953533755E+08	3775
2.103380966005573E+08	5645
2.103381026898515E+08	6145
2.103381034235142E+08	6445
2.103381087791457E+08	2165
2.103381165558243E+08	4080
2.103381280741099E+08	4540
2.103381310820770E+08	7365
2.103381329895616E+08	3350
2.103381339432835E+08	5330
2.103381533116485E+08	6970
2.103381570532579E+08	4595
2.103381664439408E+08	3015
2.103381695986277E+08	2195
2.103381773019440E+08	5585
2.103381834646006E+08	1130
2.103381850786227E+08	3005
2.103381919749395E+08	4425
2.103381949095263E+08	5735
2.103381975506531E+08	8115
2.103382030530248E+08	4190
2.103382032731249E+08	5690
2.103382423766187E+08	7475
2.103382441373606E+08	4095
2.103382542617241E+08	7155
2.103382549953869E+08	2470
2.103382569028510E+08	9730
2.103382627720451E+08	3470
2.103382726762882E+08	5870
2.103382792057826E+08	5470
2.103382833875742E+08	6440
2.103382864689012E+08	7290
2.103382873492837E+08	5320
2.103382874226436E+08	4190
2.103382875693838E+08	3425
2.103382981339271E+08	3665
2.103383275532372E+08	4575
2.103383298275417E+08	6305
2.103383326154293E+08	2870
2.103383506631709E+08	1960
2.103383534510585E+08	5495
2.103383555052629E+08	6970
2.103383632085792E+08	4885
2.103383639422420E+08	3985
2.103383696646959E+08	5790
2.103383699581559E+08	8730
2.103383761941698E+08	5380
2.103383849979509E+08	4430
2.103383915274274E+08	3460
2.103383935816318E+08	2820
2.103383936549916E+08	4520
2.103384061270401E+08	5530
2.103384108223919E+08	3820
2.103384128766167E+08	1875
2.103384146373817E+08	3525
2.103384169116862E+08	7585
2.103384221939578E+08	2470
2.103384258621869E+08	5920
2.103384315112810E+08	5300
2.103384374538555E+08	3170
2.103384577759223E+08	2040
2.103384725222574E+08	5795
2.103384800788541E+08	6580
2.103384802255943E+08	5705
2.103384833802838E+08	4830
2.103384943116471E+08	2885
